Dfactor_dDdOmega_GeV_cm2_sr_Burkert_NestiSalucci.output
# %ECSV 1.0
# ---
# datatype:
# - {name: theta, unit: deg, datatype: float64}
# - {name: dD_smooth, unit: GeV/cm^2 sr, datatype: float64}
# - {name: dD_subs, unit: GeV/cm^2 sr, datatype: float64}
# - {name: dD_total, unit: GeV/cm^2 sr, datatype: float64}
# - {name: dD_subs_share, unit:, datatype: float64}
# theta dD_smooth dD_subs dD_total dD_subs_share
  5.7296e-04     5.86e+22   2.07e+20   5.88e+22   3.51e-03
  6.5110e-04     5.86e+22   2.07e+20   5.88e+22   3.51e-03
  7.3991e-04     5.86e+22   2.07e+20   5.88e+22   3.51e-03
  8.4082e-04     5.86e+22   2.07e+20   5.88e+22   3.51e-03
  9.5550e-04     5.86e+22   2.07e+20   5.88e+22   3.51e-03
  1.0858e-03     5.86e+22   2.07e+20   5.88e+22   3.51e-03
  1.2339e-03     5.86e+22   2.07e+20   5.88e+22   3.51e-03
  1.4022e-03     5.86e+22   2.07e+20   5.88e+22   3.51e-03
  1.5934e-03     5.86e+22   2.07e+20   5.88e+22   3.51e-03
  1.8108e-03     5.86e+22   2.07e+20   5.88e+22   3.51e-03
  2.0577e-03     5.86e+22   2.07e+20   5.88e+22   3.51e-03
  2.3384e-03     5.86e+22   2.07e+20   5.88e+22   3.51e-03
  2.6573e-03     5.86e+22   2.07e+20   5.88e+22   3.51e-03
  3.0197e-03     5.86e+22   2.07e+20   5.88e+22   3.51e-03
  3.4316e-03     5.86e+22   2.07e+20   5.88e+22   3.51e-03
  3.8996e-03     5.86e+22   2.07e+20   5.88e+22   3.51e-03
  4.4315e-03     5.86e+22   2.07e+20   5.88e+22   3.51e-03
  5.0359e-03     5.86e+22   2.07e+20   5.88e+22   3.51e-03
  5.7227e-03     5.86e+22   2.07e+20   5.88e+22   3.51e-03
  6.5033e-03     5.86e+22   2.07e+20   5.88e+22   3.51e-03
  7.3902e-03     5.86e+22   2.07e+20   5.88e+22   3.51e-03
  8.3982e-03     5.86e+22   2.07e+20   5.88e+22   3.51e-03
  9.5436e-03     5.86e+22   2.07e+20   5.88e+22   3.51e-03
  1.0845e-02     5.86e+22   2.07e+20   5.88e+22   3.51e-03
  1.2324e-02     5.86e+22   2.07e+20   5.88e+22   3.51e-03
  1.4005e-02     5.86e+22   2.07e+20   5.88e+22   3.51e-03
  1.5915e-02     5.86e+22   2.07e+20   5.88e+22   3.51e-03
  1.8086e-02     5.86e+22   2.07e+20   5.88e+22   3.51e-03
  2.0553e-02     5.86e+22   2.07e+20   5.88e+22   3.51e-03
  2.3356e-02     5.86e+22   2.07e+20   5.88e+22   3.51e-03
  2.6542e-02     5.86e+22   2.07e+20   5.88e+22   3.51e-03
  3.0161e-02     5.86e+22   2.07e+20   5.88e+22   3.51e-03
  3.4275e-02     5.86e+22   2.07e+20   5.88e+22   3.51e-03
  3.8950e-02     5.86e+22   2.07e+20   5.88e+22   3.51e-03
  4.4262e-02     5.86e+22   2.07e+20   5.88e+22   3.51e-03
  5.0299e-02     5.86e+22   2.07e+20   5.88e+22   3.51e-03
  5.7159e-02     5.86e+22   2.07e+20   5.88e+22   3.51e-03
  6.4955e-02     5.86e+22   2.07e+20   5.88e+22   3.51e-03
  7.3814e-02     5.86e+22   2.07e+20   5.88e+22   3.51e-03
  8.3882e-02     5.86e+22   2.07e+20   5.88e+22   3.51e-03
  9.5322e-02     5.86e+22   2.07e+20   5.88e+22   3.51e-03
  1.0832e-01     5.86e+22   2.07e+20   5.88e+22   3.51e-03
  1.2310e-01     5.86e+22   2.07e+20   5.88e+22   3.51e-03
  1.3989e-01     5.86e+22   2.07e+20   5.88e+22   3.51e-03
  1.5896e-01     5.86e+22   2.07e+20   5.88e+22   3.51e-03
  1.8065e-01     5.86e+22   2.07e+20   5.88e+22   3.51e-03
  2.0528e-01     5.86e+22   2.07e+20   5.88e+22   3.52e-03
  2.3328e-01     5.86e+22   2.07e+20   5.88e+22   3.52e-03
  2.6510e-01     5.86e+22   2.07e+20   5.88e+22   3.52e-03
  3.0125e-01     5.86e+22   2.07e+20   5.88e+22   3.52e-03
  3.4234e-01     5.86e+22   2.07e+20   5.88e+22   3.52e-03
  3.8903e-01     5.86e+22   2.07e+20   5.88e+22   3.52e-03
  4.4209e-01     5.85e+22   2.07e+20   5.88e+22   3.52e-03
  5.0239e-01     5.85e+22   2.07e+20   5.88e+22   3.52e-03
  5.7091e-01     5.85e+22   2.07e+20   5.87e+22   3.52e-03
  6.4878e-01     5.85e+22   2.07e+20   5.87e+22   3.52e-03
  7.3726e-01     5.85e+22   2.07e+20   5.87e+22   3.52e-03
  8.3782e-01     5.85e+22   2.07e+20   5.87e+22   3.52e-03
  9.5208e-01     5.85e+22   2.07e+20   5.87e+22   3.52e-03
  1.0819e+00     5.85e+22   2.07e+20   5.87e+22   3.52e-03
  1.2295e+00     5.85e+22   2.07e+20   5.87e+22   3.52e-03
  1.3972e+00     5.85e+22   2.07e+20   5.87e+22   3.52e-03
  1.5878e+00     5.84e+22   2.07e+20   5.86e+22   3.52e-03
  1.8043e+00     5.84e+22   2.07e+20   5.86e+22   3.52e-03
  2.0504e+00     5.84e+22   2.07e+20   5.86e+22   3.53e-03
  2.3300e+00     5.83e+22   2.07e+20   5.85e+22   3.53e-03
  2.6478e+00     5.83e+22   2.07e+20   5.85e+22   3.53e-03
  3.0090e+00     5.82e+22   2.07e+20   5.84e+22   3.54e-03
  3.4193e+00     5.81e+22   2.07e+20   5.83e+22   3.54e-03
  3.8857e+00     5.80e+22   2.06e+20   5.82e+22   3.55e-03
  4.4157e+00     5.78e+22   2.06e+20   5.80e+22   3.56e-03
  5.0179e+00     5.76e+22   2.06e+20   5.79e+22   3.57e-03
  5.7023e+00     5.74e+22   2.06e+20   5.76e+22   3.58e-03
  6.4800e+00     5.71e+22   2.06e+20   5.74e+22   3.60e-03
  7.3638e+00     5.68e+22   2.06e+20   5.70e+22   3.62e-03
  8.3682e+00     5.64e+22   2.06e+20   5.66e+22   3.65e-03
  9.5095e+00     5.59e+22   2.06e+20   5.61e+22   3.68e-03
  1.0806e+01     5.52e+22   2.06e+20   5.55e+22   3.72e-03
  1.2280e+01     5.45e+22   2.06e+20   5.47e+22   3.77e-03
  1.3955e+01     5.36e+22   2.06e+20   5.38e+22   3.83e-03
  1.5859e+01     5.31e+22   2.06e+20   5.33e+22   3.86e-03
  1.8021e+01     5.18e+22   2.05e+20   5.20e+22   3.95e-03
  2.0479e+01     4.86e+22   2.05e+20   4.88e+22   4.20e-03
  2.3273e+01     4.79e+22   2.05e+20   4.81e+22   4.26e-03
  2.6447e+01     4.58e+22   2.04e+20   4.60e+22   4.44e-03
  3.0054e+01     4.35e+22   2.04e+20   4.37e+22   4.66e-03
  3.4153e+01     4.09e+22   2.03e+20   4.11e+22   4.94e-03
  3.8811e+01     3.81e+22   2.02e+20   3.83e+22   5.27e-03
  4.4104e+01     3.51e+22   2.01e+20   3.53e+22   5.69e-03
  5.0119e+01     3.19e+22   1.99e+20   3.21e+22   6.20e-03
  5.6955e+01     2.88e+22   1.97e+20   2.90e+22   6.81e-03
  6.4723e+01     2.57e+22   1.95e+20   2.59e+22   7.53e-03
  7.3550e+01     2.28e+22   1.93e+20   2.30e+22   8.39e-03
  8.3582e+01     2.01e+22   1.90e+20   2.03e+22   9.37e-03
  9.4981e+01     1.77e+22   1.85e+20   1.79e+22   1.04e-02
  1.0794e+02     1.56e+22   1.82e+20   1.58e+22   1.15e-02
  1.2266e+02     1.39e+22   1.79e+20   1.41e+22   1.27e-02
  1.3939e+02     1.26e+22   1.76e+20   1.28e+22   1.38e-02
  1.5840e+02     1.17e+22   1.74e+20   1.19e+22   1.46e-02
  1.8000e+02     1.14e+22   1.73e+20   1.16e+22   1.49e-02
