Dfactor_dDdOmega_GeV_cm2_sr_NFW_NestiSalucci.output
# %ECSV 1.0
# ---
# datatype:
# - {name: theta, unit: deg, datatype: float64}
# - {name: dD_smooth, unit: GeV/cm^2 sr, datatype: float64}
# - {name: dD_subs, unit: GeV/cm^2 sr, datatype: float64}
# - {name: dD_total, unit: GeV/cm^2 sr, datatype: float64}
# - {name: dD_subs_share, unit:, datatype: float64}
# theta dD_smooth dD_subs dD_total dD_subs_share
  5.7296e-04     3.82e+23   4.30e+21   3.87e+23   1.11e-02
  6.5110e-04     3.82e+23   4.30e+21   3.87e+23   1.11e-02
  7.3991e-04     3.82e+23   4.30e+21   3.87e+23   1.11e-02
  8.4082e-04     3.82e+23   4.30e+21   3.86e+23   1.11e-02
  9.5550e-04     3.82e+23   4.30e+21   3.86e+23   1.11e-02
  1.0858e-03     3.82e+23   4.30e+21   3.86e+23   1.11e-02
  1.2339e-03     3.82e+23   4.30e+21   3.86e+23   1.11e-02
  1.4022e-03     3.82e+23   4.30e+21   3.86e+23   1.11e-02
  1.5934e-03     3.82e+23   4.30e+21   3.86e+23   1.11e-02
  1.8108e-03     3.82e+23   4.30e+21   3.86e+23   1.11e-02
  2.0577e-03     3.82e+23   4.30e+21   3.86e+23   1.11e-02
  2.3384e-03     3.82e+23   4.30e+21   3.86e+23   1.11e-02
  2.6573e-03     3.82e+23   4.30e+21   3.86e+23   1.11e-02
  3.0197e-03     3.82e+23   4.30e+21   3.86e+23   1.11e-02
  3.4316e-03     3.82e+23   4.30e+21   3.86e+23   1.11e-02
  3.8996e-03     3.82e+23   4.30e+21   3.86e+23   1.11e-02
  4.4315e-03     3.82e+23   4.29e+21   3.86e+23   1.11e-02
  5.0359e-03     3.83e+23   4.29e+21   3.87e+23   1.11e-02
  5.7227e-03     3.83e+23   4.29e+21   3.87e+23   1.11e-02
  6.5033e-03     3.83e+23   4.29e+21   3.87e+23   1.11e-02
  7.3902e-03     3.82e+23   4.28e+21   3.87e+23   1.11e-02
  8.3982e-03     3.82e+23   4.28e+21   3.86e+23   1.11e-02
  9.5436e-03     3.81e+23   4.28e+21   3.86e+23   1.11e-02
  1.0845e-02     3.81e+23   4.27e+21   3.85e+23   1.11e-02
  1.2324e-02     3.80e+23   4.26e+21   3.84e+23   1.11e-02
  1.4005e-02     3.79e+23   4.26e+21   3.83e+23   1.11e-02
  1.5915e-02     3.78e+23   4.24e+21   3.82e+23   1.11e-02
  1.8086e-02     3.76e+23   4.23e+21   3.80e+23   1.11e-02
  2.0553e-02     3.74e+23   4.22e+21   3.78e+23   1.12e-02
  2.3356e-02     3.72e+23   4.20e+21   3.76e+23   1.12e-02
  2.6542e-02     3.70e+23   4.18e+21   3.74e+23   1.12e-02
  3.0161e-02     3.68e+23   4.15e+21   3.72e+23   1.12e-02
  3.4275e-02     3.65e+23   4.13e+21   3.69e+23   1.12e-02
  3.8950e-02     3.62e+23   4.10e+21   3.66e+23   1.12e-02
  4.4262e-02     3.59e+23   4.06e+21   3.63e+23   1.12e-02
  5.0299e-02     3.54e+23   4.02e+21   3.58e+23   1.12e-02
  5.7159e-02     3.50e+23   3.98e+21   3.54e+23   1.12e-02
  6.4955e-02     3.46e+23   3.94e+21   3.50e+23   1.13e-02
  7.3814e-02     3.41e+23   3.89e+21   3.45e+23   1.13e-02
  8.3882e-02     3.36e+23   3.84e+21   3.40e+23   1.13e-02
  9.5322e-02     3.31e+23   3.79e+21   3.35e+23   1.13e-02
  1.0832e-01     3.26e+23   3.74e+21   3.30e+23   1.13e-02
  1.2310e-01     3.21e+23   3.71e+21   3.24e+23   1.14e-02
  1.3989e-01     3.18e+23   3.65e+21   3.21e+23   1.13e-02
  1.5896e-01     3.18e+23   3.57e+21   3.22e+23   1.11e-02
  1.8065e-01     3.04e+23   3.51e+21   3.07e+23   1.14e-02
  2.0528e-01     2.98e+23   3.49e+21   3.01e+23   1.16e-02
  2.3328e-01     2.92e+23   3.39e+21   2.95e+23   1.15e-02
  2.6510e-01     2.86e+23   3.33e+21   2.89e+23   1.15e-02
  3.0125e-01     2.80e+23   3.27e+21   2.83e+23   1.16e-02
  3.4234e-01     2.73e+23   3.21e+21   2.77e+23   1.16e-02
  3.8903e-01     2.67e+23   3.14e+21   2.70e+23   1.16e-02
  4.4209e-01     2.61e+23   3.08e+21   2.64e+23   1.17e-02
  5.0239e-01     2.54e+23   3.01e+21   2.57e+23   1.17e-02
  5.7091e-01     2.48e+23   2.95e+21   2.51e+23   1.18e-02
  6.4878e-01     2.41e+23   2.88e+21   2.44e+23   1.18e-02
  7.3726e-01     2.35e+23   2.82e+21   2.38e+23   1.19e-02
  8.3782e-01     2.28e+23   2.75e+21   2.31e+23   1.19e-02
  9.5208e-01     2.22e+23   2.69e+21   2.25e+23   1.20e-02
  1.0819e+00     2.15e+23   2.62e+21   2.18e+23   1.20e-02
  1.2295e+00     2.09e+23   2.56e+21   2.11e+23   1.21e-02
  1.3972e+00     2.02e+23   2.49e+21   2.04e+23   1.22e-02
  1.5878e+00     1.95e+23   2.43e+21   1.98e+23   1.23e-02
  1.8043e+00     1.89e+23   2.36e+21   1.91e+23   1.23e-02
  2.0504e+00     1.82e+23   2.30e+21   1.85e+23   1.24e-02
  2.3300e+00     1.76e+23   2.23e+21   1.78e+23   1.25e-02
  2.6478e+00     1.69e+23   2.16e+21   1.71e+23   1.26e-02
  3.0090e+00     1.63e+23   2.10e+21   1.65e+23   1.27e-02
  3.4193e+00     1.56e+23   2.03e+21   1.58e+23   1.29e-02
  3.8857e+00     1.51e+23   1.97e+21   1.53e+23   1.28e-02
  4.4157e+00     1.43e+23   1.90e+21   1.45e+23   1.31e-02
  5.0179e+00     1.36e+23   1.84e+21   1.38e+23   1.33e-02
  5.7023e+00     1.30e+23   1.77e+21   1.31e+23   1.34e-02
  6.4800e+00     1.23e+23   1.70e+21   1.25e+23   1.36e-02
  7.3638e+00     1.17e+23   1.64e+21   1.18e+23   1.38e-02
  8.3682e+00     1.10e+23   1.57e+21   1.12e+23   1.41e-02
  9.5095e+00     1.04e+23   1.51e+21   1.05e+23   1.43e-02
  1.0806e+01     9.75e+22   1.44e+21   9.89e+22   1.46e-02
  1.2280e+01     9.13e+22   1.38e+21   9.27e+22   1.49e-02
  1.3955e+01     8.50e+22   1.32e+21   8.63e+22   1.53e-02
  1.5859e+01     7.89e+22   1.25e+21   8.02e+22   1.56e-02
  1.8021e+01     7.29e+22   1.19e+21   7.41e+22   1.61e-02
  2.0479e+01     6.71e+22   1.13e+21   6.82e+22   1.66e-02
  2.3273e+01     6.14e+22   1.07e+21   6.25e+22   1.71e-02
  2.6447e+01     5.60e+22   1.01e+21   5.70e+22   1.77e-02
  3.0054e+01     5.07e+22   9.32e+20   5.16e+22   1.80e-02
  3.4153e+01     4.57e+22   8.92e+20   4.65e+22   1.92e-02
  3.8811e+01     4.09e+22   8.37e+20   4.17e+22   2.01e-02
  4.4104e+01     3.64e+22   7.80e+20   3.72e+22   2.10e-02
  5.0119e+01     3.23e+22   7.26e+20   3.30e+22   2.20e-02
  5.6955e+01     2.84e+22   6.74e+20   2.91e+22   2.32e-02
  6.4723e+01     2.50e+22   6.26e+20   2.56e+22   2.44e-02
  7.3550e+01     2.19e+22   5.79e+20   2.25e+22   2.58e-02
  8.3582e+01     1.92e+22   5.36e+20   1.97e+22   2.72e-02
  9.4981e+01     1.68e+22   4.95e+20   1.73e+22   2.86e-02
  1.0794e+02     1.49e+22   4.60e+20   1.53e+22   3.00e-02
  1.2266e+02     1.33e+22   4.30e+20   1.37e+22   3.14e-02
  1.3939e+02     1.21e+22   4.06e+20   1.25e+22   3.26e-02
  1.5840e+02     1.13e+22   3.90e+20   1.17e+22   3.34e-02
  1.8000e+02     1.10e+22   3.84e+20   1.14e+22   3.38e-02
